=====Start New Test
[1, 7792513.6, 8027076.5]
[1, 8396281.888888888, 7792513.6]
[1, 3885817.0, 8027076.5, 7792513.6]
[1, 3645925.4]
[1, 3645925.4, 3867474.0, 12490145.010012476]
(2013, 1)
{0.95: 55946266.26153444, 0.97: 55946266.26153444, 0.99: 55946266.26153444}
{0.95: [[10526315789473.602, -655387.3236047343, -675115.1751221144], [-655387.3236047343, 5419201157016.192, -5260844183705.458], [-675115.1751221144, -5260844183705.458, 5107114632457.577]], 0.97: [[10309278350515.383, -641874.1829118531, -661195.2746041326], [-641874.1829118531, 5307465050685.961, -5152373169608.4375], [-661195.2746041326, -5152373169608.4375, 5001813299829.585]], 0.99: [[10101010101010.02, -628907.0277015127, -647837.7943090996], [-628907.0277015127, 5200243534510.488, -5048284822747.662], [-647837.7943090996, -5048284822747.661, 4900766566499.694]]}
{0.95: [49370077.545416296, -0.6941713520449662, -3.2213042748347434], 0.97: [49370077.545416296, -0.6941713520449662, -3.2213042748347434], 0.99: [49370077.545416296, -0.6941713520449662, -3.2213042748347434]}
===========
[1, 7401853.0, 8105611.5]
[1, 7445146.1875, 7401853.0]
[1, 7401853.0, 7337239.0, 24106623.0]
[1, 3533872.0, 8105611.5, 7401853.0]
[1, 3262159.0]
[1, 3262159.0, 3096713.0, 5301707.472263894]
(2013, 2)
{0.95: 18121282.265668552, 0.97: 18121282.265668552, 0.99: 18121282.265668552}
{0.95: [[11080332409972.176, -232184.97760820016, -1154969.4106247248], [-232184.97760820203, -0.171875, 0.203125], [-1154969.4106247202, 0.21875, -0.03125]], 0.97: [[10851871947910.895, -227397.6584822582, -1131155.6083438024], [-227397.658482261, -0.1875, 0.203125], [-1131155.6083438024, 0.203125, -0.03125]], 0.99: [[10632642211589.46, -222803.76639170758, -1108303.9798924122], [-222803.76639170758, -0.171875, 0.1875], [-1108303.979892414, 0.1875, -0.03125]]}
{0.95: [49370077.54541607, 2.050706276135724, -5.8859725694415665], 0.97: [49370077.54541607, 2.050706276135724, -5.8859725694415665], 0.99: [49370077.54541607, 2.050706276135724, -5.8859725694415665]}
===========
[1, 8415493.4, 9174156.0]
[1, 10244558.176470589, 8415493.4]
[1, 8415493.4, 9674775.0, 23748995.0]
[1, 4083207.0, 9174156.0, 8415493.4]
[1, 3823225.8]
[1, 3823225.8, 4701315.0, 4875079.641044633]
(2013, 3)
{0.95: 12628952.113797069, 0.97: 12628952.113797069, 0.99: 12628952.113797069}
{0.95: [[11057221295358.95, -108975.2598569924, -1105294.123543303], [-168117.52036891878, -0.19796191398819457, 0.199916450187678], [-1051042.669458677, 0.19346983422519726, -0.06290512648383767]], 0.97: [[10829237351124.746, -106728.34728262213, -1082504.5539857096], [-164651.17974275595, -0.19388022503998426, 0.19579446152401456], [-1029371.6865832413, 0.18948076547828616, -0.061608113566645]], 0.99: [[10610464879384.857, -104572.21905469103, -1060635.7751173123], [-161324.89328330662, -0.18996345281695418, 0.19183901785686286], [-1008576.2989754998, 0.18565287122619975, -0.06036350521176312]]}
{0.95: [47215856.26592455, 2.321767279233513, -5.300718396400882], 0.97: [47215856.26592456, 2.321767279233512, -5.300718396400884], 0.99: [47215856.26592457, 2.32176727923351, -5.300718396400888]}
===========
[1, 7517536.6, 7517536.6]
[1, 8325975.105263158, 7517536.6]
[1, 10315546.0, 27794275.17179947]
[1, 7517536.6, 6778398.0, 26309426.6]
[1, 3443683.8, 7517536.6, 7517536.6]
[1, 3443683.8]
[1, 3443683.8, 3070482.0, 4674450.32138426]
(2013, 4)
{0.95: 24821482.213007964, 0.97: 24821482.21300794, 0.99: 24821482.21300792}
{0.95: [[-3550055105970.3516, 1031177.9341960289, -558941.4430590286], [1031177.9341958808, -0.29952434545838025, 0.1623546861584858], [-558941.4430588987, 0.16235468615847176, -0.08800301049670978]], 0.97: [[-3476858093474.9375, 1009916.5334908683, -547416.8772228067], [1009916.5334907183, -0.29334858575820044, 0.15900716685625277], [-547416.8772226754, 0.15900716685623834, -0.0861885154349202]], 0.99: [[-3406618536029.8516, 989514.179278845, -536357.9504102711], [989514.1792786941, -0.28742235170247254, 0.15579490085916037], [-536357.9504101379, 0.1557949008591457, -0.08444733330492013]]}
{0.95: [-1280445.9902513847, 6.179137490685864, -3.5529141623850373], 0.97: [-1280445.990247555, 6.179137490685559, -3.552914162385175], 0.99: [-1280445.990243718, 6.179137490685255, -3.552914162385313]}
===========
[1, 7729085.2, 8138175.5]
[1, 7586433.52631579, 7729085.2]
[1, 9147379.0, 10723290.097571775]
[1, 7729085.2, 8059818.0, 24871937.2]
[1, 3822190.0, 8138175.5, 7729085.2]
[1, 3651129.8]
[1, 3651129.8, 3532434.0, 5081070.299828738]
(2013, 5)
{0.95: 17564395.147848938, 0.97: 17564395.147849288, 0.99: 17564395.147849645}
{0.95: [[1158.265625, -0.0003345981240272522, 0.00017884746193885803], [-0.00033451616764068604, 1.0128076155524468e-10, -5.6069815457249206e-11], [0.00017875805497169495, -5.6060045494632504e-11, 3.1810554190769835e-11]], 0.97: [[1150.046875, -0.0003322586417198181, 0.00017762184143066406], [-0.0003321617841720581, 1.0051515175746317e-10, -5.5631055317917344e-11], [0.0001775398850440979, -5.561950899846124e-11, 3.15423243080204e-11]], 0.99: [[1142.21875, -0.0003300085663795471, 0.00017645955085754395], [-0.00032991915941238403, 9.978151638279087e-11, -5.5210946925399185e-11], [0.00017636269330978394, -5.519673607068398e-11, 3.128475256630736e-11]]}
{0.95: [-15055396.474151526, 10.180321855324307, -5.721722947505092], 0.97: [-15055396.474210523, 10.180321855341443, -5.721722947514381], 0.99: [-15055396.474269517, 10.18032185535858, -5.721722947523669]}
===========
[1, 9891166.2, 10235130.333333334]
[1, 8803485.588235294, 9891166.2]
[1, 13775344.0, 20857147.718296215]
[1, 9891166.2, 10944874.0, 25088212.7]
[1, 4643530.0, 10235130.333333334, 9891166.2]
[1, 4743631.4]
[1, 4743631.4, 5105436.0, 7058790.515093574]
(2013, 6)
{0.95: 27077278.867414758, 0.97: 27077278.867430188, 0.99: 27077278.867445633}
{0.95: [[22.40631848718931, -3.823608841020589e-06, 1.1597591522780754e-06], [-3.691210303895503e-06, 5.185823347206667e-12, -4.550118316444125e-12], [1.0316973054005658e-06, -4.537163150011183e-12, 4.229755664944996e-12]], 0.97: [[22.203231811387013, -3.820135057648524e-06, 1.1763206951345955e-06], [-3.6904763659369177e-06, 5.100839776268874e-12, -4.468084692254366e-12], [1.0509066426967351e-06, -4.455397220451597e-12, 4.14887273182618e-12]], 0.99: [[22.008238623453508, -3.816769016846532e-06, 1.1921955702452313e-06], [-3.6897394654039194e-06, 5.0192803905230796e-12, -4.389360458924731e-12], [1.0693223274744167e-06, -4.376929865557418e-12, 4.071255057440843e-12]]}
{0.95: [9942469.459217265, 2.9026790667964706, -1.8130608346449621], 0.97: [9936948.013363294, 2.904286528437737, -1.813924166990018], 0.99: [9931429.006088048, 2.9058932801342054, -1.8147871180393134]}
===========
[1, 7649639.8, 8093183.0]
[1, 8480003.105263159, 7649639.8]
[1, 10087426.0, 17725691.761057936]
[1, 7649639.8, 8650158.0, 26834717.3]
[1, 4065117.0, 8093183.0, 7649639.8]
[1, 3454280.8]
[1, 3454280.8, 3611072.0, 4863519.355624719]
(2013, 7)
{0.95: 17473485.650295984, 0.97: 17473273.600331664, 0.99: 17473061.644020453}
{0.95: [[19.14689815473389, -2.4851207285948466e-06, 1.899082957758396e-07], [-2.4081410925530696e-06, 4.946289097152324e-12, -4.446484323012104e-12], [1.1522640415232007e-07, -4.439212739293461e-12, 4.226912289544748e-12]], 0.97: [[18.808587092962203, -2.4534699955638283e-06, 1.991079321570703e-07], [-2.3772838611295146e-06, 4.850823566225684e-12, -4.359169421647834e-12], [1.2520100980513726e-07, -4.351966784725145e-12, 4.142627848495927e-12]], 0.99: [[18.482526125446007, -2.4226058326105306e-06, 2.0760629326577542e-07], [-2.3472010841333834e-06, 4.759051392558166e-12, -4.275272702569302e-12], [1.3446224850146257e-07, -4.26813826172403e-12, 4.061676759833163e-12]]}
{0.95: [11687408.885931317, 2.321906618853165, -1.431431962241551], 0.97: [11664741.935444035, 2.3294509153028704, -1.436389362265216], 0.99: [11642656.325521052, 2.3368017227537887, -1.441219619569403]}
===========
[1, 6352892.6, 6432818.333333333]
[1, 6888149.368421053, 6352892.6]
[1, 9995571.0, 16003283.498616187]
[1, 6352892.6, 7769313.0, 23940964.6]
[1, 3152216.6666666665, 6432818.333333333, 6352892.6]
[1, 2985786.6]
[1, 2985786.6, 3306616.0, 4605553.635329467]
(2013, 8)
{0.95: 17230090.493107848, 0.97: 17223461.593950212, 0.99: 17217002.7065451}
{0.95: [[10.874119384398613, -3.387306676323869e-06, 1.953436480071792e-06], [-3.3689176656924876e-06, 5.1372958665969435e-12, -4.522921153227336e-12], [1.9358384348769074e-06, -4.522031480314422e-12, 4.106526403867471e-12]], 0.97: [[10.725509485910868, -3.3111815815676694e-06, 1.8988752137375983e-06], [-3.292661444497303e-06, 5.031936953554717e-12, -4.430948759314682e-12], [1.8811429928367861e-06, -4.430022325741755e-12, 4.024648642180574e-12]], 0.99: [[10.581682017838745, -3.238233820905053e-06, 1.846749339233942e-06], [-3.2195961038348755e-06, 4.930825838032656e-12, -4.34267167125626e-12], [1.828896397940229e-06, -4.34171085303369e-12, 3.94603392750561e-12]]}
{0.95: [11687290.75608041, 2.321896002614491, -1.4314088652115577], 0.97: [11687291.73862108, 2.321896090914664, -1.4314090573202514], 0.99: [11687292.704952084, 2.3218961777580867, -1.4314092462595922]}
===========
[1, 8833072.2, 8584620.0]
[1, 9802475.470588235, 8833072.2]
[1, 13858305.0, 18899898.24261055]
[1, 8833072.2, 7431439.0, 24270829.0]
[1, 4021035.25, 8584620.0, 8833072.2]
[1, 4160824.8]
[1, 4160824.8, 3616371.0, 5196013.672511058]
(2013, 9)
{0.95: 19908664.615593154, 0.97: 19908664.72891549, 0.99: 19908664.84036828}
{0.95: [[9.711661709323044, -1.1373492148372397e-06, -4.5765309612300526e-08], [-1.1219150078818224e-06, 2.014275793880215e-12, -1.8234539151753393e-12], [-6.122339505874999e-08, -1.8220562260874713e-12, 1.7793862480294025e-12]], 0.97: [[9.522210478180698, -1.1290007895194632e-06, -3.174851572156954e-08], [-1.1138604172930178e-06, 1.9938491292663415e-12, -1.8041263894117911e-12], [-4.690694738246272e-08, -1.8027603869693787e-12, 1.7585153980819215e-12]], 0.99: [[9.340280428373609, -1.1208029298914076e-06, -1.8459713100742485e-08], [-1.1059448219561906e-06, 1.9739868134708575e-12, -1.785353863073828e-12], [-3.333036239463433e-08, -1.7840182315402922e-12, 1.7382922234617518e-12]]}
{0.95: [12114974.691182598, 1.724217708647525, -0.9139446923818846], 0.97: [12112258.77333148, 1.7280131403076422, -0.9172307409540998], 0.99: [12109577.131559797, 1.731760671948614, -0.9204753181460826]}
===========
[1, 7477481.6, 7238555.0]
[1, 7932752.55, 7477481.6]
[1, 9695276.0, 17757585.27077177]
[1, 7477481.6, 8656827.0, 22610807.5]
[1, 3322132.0, 7238555.0, 7477481.6]
[1, 3321261.2]
[1, 3321261.2, 3458356.0, 4684637.104601886]
(2013, 10)
{0.95: 18392141.959224273, 0.97: 18394020.068453085, 0.99: 18395874.475116275}
{0.95: [[9.694167547176228, -1.6392281306337455e-06, 4.32988162306376e-07], [-1.6279643971707644e-06, 1.7465294682814738e-12, -1.5125652655001053e-12], [4.216692328997605e-07, -1.5114881101641168e-12, 1.4305770286271172e-12]], 0.97: [[9.500952214559648, -1.5998571541754128e-06, 4.17994633906296e-07], [-1.5887628452448926e-06, 1.7152304967861994e-12, -1.4865075730312121e-12], [4.068466460633238e-07, -1.4854476587717675e-12, 1.4066586343533149e-12]], 0.99: [[9.31537759258649, -1.5622156998894019e-06, 4.0375796981082457e-07], [-1.5512855344504683e-06, 1.6850787846332562e-12, -1.4613749793062073e-12], [3.9277557175860835e-07, -1.4603317332442344e-12, 1.3835677252109026e-12]]}
{0.95: [11563971.258587195, 1.2583016018868145, -0.40725980764740455], 0.97: [11571063.914350634, 1.2642989920379606, -0.413781983836093], 0.99: [11577976.293753682, 1.2701439445544112, -0.420138383731058]}
===========
[1, 7797182.2, 8087050.5]
[1, 9040427.529411765, 7797182.2]
[1, 8944272.0, 17795246.337101065]
[1, 7797182.2, 8707265.0, 23217598.5]
[1, 3735412.0, 8087050.5, 7797182.2]
[1, 3616223.6]
[1, 3616223.6, 3893570.0, 4823615.911883144]
(2013, 11)
{0.95: 18081647.479985707, 0.97: 18082757.711274292, 0.99: 18083839.723449677}
{0.95: [[10.046958352524868, -1.6317037335230783e-06, 3.758961273385058e-07], [-1.6216569907057408e-06, 1.7836424570020197e-12, -1.545497406901659e-12], [3.6580621206725255e-07, -1.5445324648397564e-12, 1.4662640563224235e-12]], 0.97: [[9.842467531393872, -1.5996470102864784e-06, 3.6949690511152683e-07], [-1.5897768030827926e-06, 1.7477934478582684e-12, -1.5144210314268704e-12], [3.5958416308609927e-07, -1.5134731279786974e-12, 1.4367017656742143e-12]], 0.99: [[9.646150367766948, -1.5688327195173033e-06, 3.6331128182029225e-07], [-1.5591329337079935e-06, 1.7133620376821848e-12, -1.4845739983721165e-12], [3.5356958146000594e-07, -1.4836425401658421e-12, 1.4083116211997725e-12]]}
{0.95: [11710802.50684025, 1.1725041417843354, -0.3344580127274722], 0.97: [11708266.515954161, 1.1739859896842766, -0.3357154064403536], 0.99: [11705816.638325723, 1.1754175192842948, -0.33693010352157104]}
===========
[1, 12251279.8, 11416713.5]
[1, 12017858.555555556, 12251279.8]
[1, 14922757.0, 21886186.905700102]
[1, 12251279.8, 9984680.0, 26070913.2]
[1, 5460055.25, 11416713.5, 12251279.8]
[1, 5896956.6]
[1, 5896956.6, 4795544.0, 6662528.757852298]
(2013, 12)
{0.95: 22257067.50541011, 0.97: 22258330.743990578, 0.99: 22259551.0874684}
{0.95: [[5.190154061720104, 7.506514919532955e-07, -1.3395345680138055e-06], [7.568566453537589e-07, 7.483213815226376e-13, -8.329928713565312e-13], [-1.3460824558792199e-06, -8.324357337011742e-13, 9.856693785124405e-13]], 0.97: [[5.10000547040562, 7.274449048680176e-07, -1.3064815012833611e-06], [7.335358026909691e-07, 7.36428137144707e-13, -8.183036783301209e-13], [-1.3129071359230464e-06, -8.177565919791971e-13, 9.670929353881943e-13]], 0.99: [[5.01339391398669, 7.052242318649561e-07, -1.2747978496576722e-06], [7.112054050209235e-07, 7.249933428423226e-13, -8.041924618504534e-13], [-1.2811060909339114e-06, -8.036550296598571e-13, 9.492561467191732e-13]]}
{0.95: [11260597.170254288, 1.3784693933789052, -0.47917177130563304], 0.97: [11262036.66134591, 1.3778108380025906, -0.47870906207191266], 0.99: [11263466.976490082, 1.3771564805470289, -0.4782493023497515]}
===========
[1, 8299794.6, 8610611.666666666]
[1, 8863940.611111112, 8299794.6]
[1, 9281560.0, 18071070.479206655]
[1, 8299794.6, 9984709.0, 24944964.8]
[1, 4288151.333333333, 8610611.666666666, 8299794.6]
[1, 4090749.2]
[1, 4090749.2, 5585169.0, 5095443.998460069]
(2014, 1)
{0.95: 18575647.953344185, 0.97: 18575605.779605817, 0.99: 18575563.874701355}
{0.95: [[5.4507907040992, 7.683895739881186e-07, -1.3853320733358052e-06], [7.741428438902549e-07, 7.485287108174675e-13, -8.323756848388455e-13], [-1.3913770899484464e-06, -8.318516107477812e-13, 9.871658552609359e-13]], 0.97: [[5.338615797341977, 7.529157637784983e-07, -1.3571875746401773e-06], [7.585636144370107e-07, 7.337596897053206e-13, -8.15967438062382e-13], [-1.3631223274799622e-06, -8.154531113842374e-13, 9.676665100732024e-13]], 0.99: [[5.2309661196522805, 7.380548383845852e-07, -1.3301662471724013e-06], [7.4360108862439e-07, 7.195652257846452e-13, -8.001969913368583e-13], [-1.3359947117405808e-06, -7.996920535415043e-13, 9.48926506559153e-13]]}
{0.95: [11293249.13828849, 1.4372312404203358, -0.5457607157809065], 0.97: [11292683.616012538, 1.4362135028847862, -0.5446074152694824], 0.99: [11292137.349582927, 1.4352304189755072, -0.5434933842587935]}
===========
[1, 7203818.8, 7250222.0]
[1, 7642746.1875, 7203818.8]
[1, 9561562.0, 17359189.916131098]
[1, 7203818.8, 7955046.0, 26720180.5]
[1, 3985621.3333333335, 7250222.0, 7203818.8]
[1, 3708154.2]
[1, 3708154.2, 4460478.0, 4846562.2654572]
(2014, 2)
{0.95: 17689916.219685353, 0.97: 17690380.785357878, 0.99: 17690829.532723006}
{0.95: [[4.958213261559731, 7.013849962793735e-07, -1.2720890785806975e-06], [7.060964962067293e-07, 7.729285207722012e-13, -8.502029352305328e-13], [-1.2770452070825738e-06, -8.497784400376481e-13, 9.943273016550892e-13]], 0.97: [[4.868540512659881, 6.886545909393008e-07, -1.2488597165637792e-06], [6.93290609919286e-07, 7.572334685033612e-13, -8.330915921954826e-13], [-1.2537363267806614e-06, -8.326738006876182e-13, 9.745474262451944e-13]], 0.99: [[4.782092609059225, 6.763836416196582e-07, -1.2264737913666072e-06], [6.809465423251915e-07, 7.421648967458812e-13, -8.1665834004188e-13], [-1.2312733771730377e-06, -8.162470463413272e-13, 9.555438481470823e-13]]}
{0.95: [11361856.86952614, 1.4468069370611918, -0.5622698395819635], 0.97: [11360728.210320363, 1.446649408194248, -0.5619982495698576], 0.99: [11359636.085027358, 1.4464969784270634, -0.5617354507373755]}
===========
[1, 7934939.4, 7730706.0]
[1, 8029392.111111111, 7934939.4]
[1, 15123370.0, 18018629.88590653]
[1, 7934939.4, 8158443.0, 26574644.4]
[1, 3847026.25, 7730706.0, 7934939.4]
[1, 4008938.2]
[1, 4008938.2, 3895891.0, 5117502.907929707]
(2014, 3)
{0.95: 18495439.41613099, 0.97: 18495160.35744839, 0.99: 18494890.331701078}
{0.95: [[4.79540180786479, 5.751279663692308e-07, -1.1350007365379323e-06], [5.794284872552381e-07, 7.505260917140301e-13, -8.160677261533623e-13], [-1.1395167545247372e-06, -8.156682638836261e-13, 9.480797105896946e-13]], 0.97: [[4.703448435922458, 5.659345370674304e-07, -1.114930989385191e-06], [5.701571492485539e-07, 7.360815785899512e-13, -8.005298778626275e-13], [-1.1193653414688016e-06, -8.001378782169626e-13, 9.301416658164487e-13]], 0.99: [[4.61498790491926, 5.570269066369924e-07, -1.0955650355262061e-06], [5.611744120399865e-07, 7.221875684788276e-13, -7.855784140296775e-13], [-1.0999206533890885e-06, -7.851936003560474e-13, 9.128766432610312e-13]]}
{0.95: [11774705.142378105, 1.6064155236320994, -0.7617344238016714], 0.97: [11767820.673740046, 1.6037539639723688, -0.7584082437864863], 0.99: [11761162.043611798, 1.6011797142705924, -0.7551911759740699]}
===========
[1, 7500446.4, 8100922.0]
[1, 10231939.555555556, 7500446.4]
[1, 10824397.0, 17327959.09891768]
[1, 7500446.4, 6614683.0, 21803721.9]
[1, 3856487.0, 8100922.0, 7500446.4]
[1, 3722562.4]
[1, 3722562.4, 3389810.0, 4958362.8617178835]
(2014, 4)
{0.95: 17652787.521576315, 0.97: 17652885.292231016, 0.99: 17652979.855611477}
{0.95: [[5.041455359332065, 5.769333373117147e-07, -1.1647773273050846e-06], [5.80097138954475e-07, 6.560272111963629e-13, -7.179768923331682e-13], [-1.16812596358384e-06, -7.176894845404761e-13, 8.496654138580312e-13]], 0.97: [[4.93760373274972, 5.65468664438128e-07, -1.1412148008336931e-06], [5.685878653689246e-07, 6.44529202935743e-13, -7.053081565579635e-13], [-1.1445156611866917e-06, -7.050246603208432e-13, 8.343915170111768e-13]], 0.99: [[4.837945271033313, 5.544543601128438e-07, -1.118590769798576e-06], [5.575301470141678e-07, 6.334352650775948e-13, -6.93087614354329e-13], [-1.1218451502365129e-06, -6.928079317097246e-13, 8.196677900038614e-13]]}
{0.95: [11765264.911571182, 1.5619744709190306, -0.715002195662104], 0.97: [11765410.81411923, 1.5626613251878858, -0.715724460964819], 0.99: [11765552.27534506, 1.563327271383746, -0.7164247402708595]}
===========
[1, 6800709.0, 7347391.0]
[1, 7192347.111111111, 6800709.0]
[1, 10365223.0, 17445104.570224524]
[1, 6800709.0, 7051424.0, 23624694.5]
[1, 3692474.5, 7347391.0, 6800709.0]
[1, 3353936.2]
[1, 3353936.2, 3322213.0, 4724794.415968904]
(2014, 5)
{0.95: 17134398.056332488, 0.97: 17133908.289303653, 0.99: 17133433.43094649}
{0.95: [[5.161694389614272, 6.916468602311919e-07, -1.2962497355553272e-06], [6.939620327239842e-07, 6.421123205237011e-13, -7.154664484857766e-13], [-1.2987451336873925e-06, -7.15271455469977e-13, 8.609502257369969e-13]], 0.97: [[5.057612327939879, 6.760231434976564e-07, -1.2683891137129472e-06], [6.783069838128617e-07, 6.296556571858168e-13, -7.013657341532885e-13], [-1.2708496953431156e-06, -7.01173023890292e-13, 8.437389286211359e-13]], 0.99: [[4.957661028397675, 6.610740385351384e-07, -1.2416902361798158e-06], [6.633272908913086e-07, 6.176773965579815e-13, -6.878140343639392e-13], [-1.2441168789389321e-06, -6.876235698916536e-13, 8.27205854019027e-13]]}
{0.95: [11852979.135530097, 1.5115989112938744, -0.6732073590067204], 0.97: [11851531.956402894, 1.5124300473983772, -0.6738969235095184], 0.99: [11850131.7556173, 1.5132342031553154, -0.6745641033633365]}
===========
[1, 7970637.0, 8705676.5]
[1, 8242561.625, 7970637.0]
[1, 15687507.0, 18230708.8151304]
[1, 7970637.0, 9464253.0, 27158279.7]
[1, 4530665.0, 8705676.5, 7970637.0]
[1, 4294164.8]
[1, 4294164.8, 5229460.0, 5369936.23416045]
(2014, 6)
{0.95: 18040659.862116903, 0.97: 18039834.24168904, 0.99: 18039035.422558803}
